      0.5224       0.0456       0.4902       0.5547          nan          nan
     -0.0549       0.0106      -0.0623      -0.0474          nan          nan
      0.0177       0.0009       0.0170       0.0183          nan          nan
     -0.0301       0.0211      -0.0451      -0.0152          nan          nan
     -0.0151       0.0042      -0.0180      -0.0121          nan          nan
      0.0415       0.0206       0.0269       0.0561          nan          nan
      0.1771       0.0091       0.1706       0.1835          nan          nan
      1.4693       0.0442       1.4380       1.5006          nan          nan
     -0.1641       0.0052      -0.1677      -0.1604          nan          nan
      0.1589       0.0954       0.0914       0.2264          nan          nan
     -0.0706       0.0120      -0.0791      -0.0621          nan          nan
      0.0818       0.0044       0.0787       0.0849          nan          nan
      0.0467       0.0909      -0.0176       0.1109          nan          nan
      0.1935       0.2641       0.0067       0.3802          nan          nan
      0.0409       0.0120       0.0324       0.0494          nan          nan
      0.0060       0.0183      -0.0070       0.0189          nan          nan
     -0.2012       0.0989      -0.2711      -0.1313          nan          nan
     -0.4092       0.0041      -0.4121      -0.4063          nan          nan
      0.0844       0.0522       0.0475       0.1213          nan          nan
     -0.0427       0.0063      -0.0472      -0.0382          nan          nan
      0.0798       0.0025       0.0780       0.0815          nan          nan
      0.0216       0.0417      -0.0079       0.0511          nan          nan
      0.0337       0.0459       0.0012       0.0662          nan          nan
      0.0204       0.0064       0.0159       0.0250          nan          nan
      0.0159       0.0475      -0.0177       0.0495          nan          nan
     -0.0776       0.0396      -0.1056      -0.0496          nan          nan
      0.1664       0.0311       0.1444       0.1883          nan          nan
      0.4687       0.0237       0.4520       0.4855          nan          nan
      0.1020       0.0096       0.0953       0.1088          nan          nan
      0.2629       0.0022       0.2613       0.2644          nan          nan
      1.8477       0.0197       1.8338       1.8616          nan          nan
     -0.0625       0.0057      -0.0666      -0.0585          nan          nan
      0.0511       0.0800      -0.0055       0.1077          nan          nan
     -0.1003       0.1522      -0.2078       0.0073          nan          nan
      0.0197       0.0413      -0.0095       0.0490          nan          nan
      0.6616       0.0470       0.6284       0.6948          nan          nan
     -0.9590       0.0264      -0.9777      -0.9403          nan          nan
     -1.7976       0.0588      -1.8392      -1.7560          nan          nan
      0.0203       0.1014      -0.0514       0.0921          nan          nan
     -0.0899       0.0151      -0.1006      -0.0792          nan          nan
     -0.0426       0.2172      -0.1962       0.1110          nan          nan
     -0.1165       0.2075      -0.2632       0.0302          nan          nan
     -0.2026       0.1787      -0.3289      -0.0762          nan          nan
      0.0442       0.0783      -0.0111       0.0996          nan          nan
      1.0000       0.0000       1.0000       1.0000          nan          nan
      0.5000       0.0000       0.5000       0.5000          nan          nan
      1.0000       0.0000       1.0000       1.0000          nan          nan
