      0.1450       0.0088       0.1388       0.1513          nan          nan
     -0.0102       0.0012      -0.0110      -0.0094          nan          nan
      0.0069       0.0003       0.0067       0.0072          nan          nan
     -0.0027       0.0371      -0.0289       0.0235          nan          nan
     -0.0060       0.0011      -0.0067      -0.0052          nan          nan
      0.0204       0.0164       0.0088       0.0321          nan          nan
      0.1432       0.0013       0.1423       0.1441          nan          nan
      2.9546       0.0320       2.9320       2.9772          nan          nan
     -0.1043       0.0022      -0.1058      -0.1027          nan          nan
      0.0876       0.0101       0.0805       0.0948          nan          nan
     -0.1225       0.0209      -0.1373      -0.1077          nan          nan
      0.0538       0.0098       0.0469       0.0607          nan          nan
     -0.0640       0.1064      -0.1392       0.0112          nan          nan
     -0.0207       0.1064      -0.0959       0.0545          nan          nan
      0.0032       0.0059      -0.0010       0.0073          nan          nan
      0.0236       0.0101       0.0165       0.0308          nan          nan
     -0.0569       0.0048      -0.0603      -0.0535          nan          nan
     -0.3606       0.0016      -0.3618      -0.3594          nan          nan
      0.0643       0.0091       0.0578       0.0707          nan          nan
     -0.1027       0.0149      -0.1132      -0.0921          nan          nan
      0.0726       0.0110       0.0648       0.0803          nan          nan
     -0.0394       0.0659      -0.0861       0.0072          nan          nan
     -0.0054       0.0262      -0.0240       0.0131          nan          nan
      0.0021       0.0040      -0.0007       0.0050          nan          nan
      0.0841       0.0338       0.0602       0.1080          nan          nan
     -0.0303       0.0018      -0.0315      -0.0290          nan          nan
      0.1064       0.0003       0.1062       0.1067          nan          nan
      0.4049       0.0371       0.3787       0.4311          nan          nan
      0.0793       0.0118       0.0710       0.0877          nan          nan
      0.4093       0.0249       0.3917       0.4269          nan          nan
      1.8321       0.0158       1.8209       1.8433          nan          nan
      0.0748       0.0585       0.0335       0.1162          nan          nan
     -0.0375       0.0141      -0.0474      -0.0275          nan          nan
     -0.0349       0.0949      -0.1020       0.0322          nan          nan
      0.0301       0.0299       0.0090       0.0512          nan          nan
      0.6256       0.0287       0.6053       0.6459          nan          nan
     -1.0000       0.0090      -1.0064      -0.9936          nan          nan
     -1.8238       0.0325      -1.8468      -1.8008          nan          nan
     -0.1026       0.1186      -0.1865      -0.0188          nan          nan
      0.0642       0.0097       0.0573       0.0711          nan          nan
      0.0317       0.0367       0.0057       0.0577          nan          nan
     -0.1726       0.0470      -0.2058      -0.1393          nan          nan
     -0.1824       0.0890      -0.2453      -0.1195          nan          nan
      0.4578       0.3332       0.2222       0.6935          nan          nan
      1.0000       0.0000       1.0000       1.0000          nan          nan
      0.5000       0.0000       0.5000       0.5000          nan          nan
      1.0000       0.0000       1.0000       1.0000          nan          nan
