      0.4017       0.0556       0.3624       0.4411          nan          nan
     -0.0033       0.0053      -0.0070       0.0005          nan          nan
      0.0106       0.0011       0.0098       0.0114          nan          nan
     -0.0845       0.0548      -0.1232      -0.0457          nan          nan
     -0.0295       0.0028      -0.0314      -0.0275          nan          nan
      0.3294       0.0299       0.3083       0.3506          nan          nan
      0.1899       0.0242       0.1728       0.2071          nan          nan
      2.3129       0.0480       2.2790       2.3469          nan          nan
     -0.1575       0.0005      -0.1578      -0.1571          nan          nan
      0.1815       0.0141       0.1716       0.1915          nan          nan
     -0.1029       0.0736      -0.1550      -0.0509          nan          nan
     -0.0363       0.0498      -0.0716      -0.0011          nan          nan
      0.0076       0.0248      -0.0099       0.0252          nan          nan
      0.1473       0.1086       0.0705       0.2241          nan          nan
      0.0636       0.0242       0.0465       0.0806          nan          nan
      0.0027       0.0011       0.0019       0.0035          nan          nan
     -0.0667       0.0187      -0.0799      -0.0535          nan          nan
     -0.3286       0.0056      -0.3325      -0.3246          nan          nan
      0.0733       0.0047       0.0700       0.0766          nan          nan
     -0.0597       0.0433      -0.0903      -0.0291          nan          nan
     -0.0333       0.0457      -0.0656      -0.0010          nan          nan
      0.0033       0.0106      -0.0042       0.0108          nan          nan
      0.0244       0.0182       0.0115       0.0372          nan          nan
      0.0306       0.0112       0.0227       0.0386          nan          nan
      0.0060       0.0025       0.0043       0.0078          nan          nan
     -0.0202       0.0059      -0.0243      -0.0160          nan          nan
      0.1000       0.0148       0.0895       0.1104          nan          nan
      0.5704       0.0487       0.5359       0.6048          nan          nan
      0.0760       0.0054       0.0722       0.0798          nan          nan
      0.2537       0.0393       0.2259       0.2815          nan          nan
      1.8256       0.0612       1.7824       1.8689          nan          nan
      0.0941       0.0373       0.0677       0.1205          nan          nan
      0.0719       0.0593       0.0300       0.1139          nan          nan
     -0.2342       0.0213      -0.2492      -0.2192          nan          nan
      0.0957       0.0672       0.0482       0.1432          nan          nan
      0.5534       0.0268       0.5344       0.5723          nan          nan
     -0.8959       0.0201      -0.9102      -0.8817          nan          nan
     -1.7567       0.0623      -1.8008      -1.7127          nan          nan
     -0.0318       0.1197      -0.1165       0.0528          nan          nan
     -0.0079       0.1232      -0.0950       0.0792          nan          nan
      0.1100       0.0193       0.0964       0.1236          nan          nan
     -0.3152       0.1022      -0.3875      -0.2429          nan          nan
      0.4291       0.1259       0.3401       0.5182          nan          nan
      0.2453       0.1391       0.1470       0.3437          nan          nan
      1.0000       0.0000       1.0000       1.0000          nan          nan
      0.5000       0.0000       0.5000       0.5000          nan          nan
      1.0000       0.0000       1.0000       1.0000          nan          nan
