      0.1444       0.0169       0.1124       0.1788       1.0001   16067.4421
     -0.0083       0.0043      -0.0171      -0.0003       1.0001    6566.7358
      0.0066       0.0016       0.0038       0.0100       1.0004    4448.5268
     -0.0076       0.0154      -0.0373       0.0236       1.0012    1675.5321
     -0.0039       0.0040      -0.0127       0.0030       1.0020    1376.6167
      0.0167       0.0132       0.0029       0.0525       1.0060     935.7068
      0.1354       0.0088       0.1193       0.1537       1.0003    8768.4800
      2.9442       0.0429       2.8601       3.0283       1.0000   59633.1920
     -0.0979       0.0094      -0.1163      -0.0794       1.0001   42596.1664
      0.1276       0.0424       0.0444       0.2108       1.0000   97810.5625
     -0.1044       0.0399      -0.1826      -0.0259       1.0000   99358.2025
      0.0231       0.0223      -0.0205       0.0670       1.0000   47404.6073
     -0.0919       0.0491      -0.1881       0.0042       1.0000   43948.0832
     -0.0242       0.1224      -0.2652       0.2159       1.0000   46029.2837
     -0.0081       0.0422      -0.0909       0.0745       1.0000   45314.2542
      0.0279       0.0140       0.0004       0.0553       1.0001   44059.0688
     -0.1462       0.0644      -0.2729      -0.0200       1.0000   94964.8332
     -0.3403       0.0319      -0.4020      -0.2766       1.0001   43155.3852
      0.0939       0.0311       0.0326       0.1549       1.0000   97064.2236
     -0.0881       0.0337      -0.1539      -0.0218       1.0000   98963.4557
      0.0314       0.0302      -0.0278       0.0906       1.0001   47538.0755
     -0.0582       0.0309      -0.1185       0.0026       1.0000   44115.9904
     -0.0060       0.0302      -0.0654       0.0533       1.0000   46085.1336
     -0.0056       0.0292      -0.0626       0.0517       1.0000   45415.5779
      0.1004       0.0503       0.0014       0.1985       1.0001   44029.6356
     -0.0781       0.0344      -0.1458      -0.0107       1.0000   94702.1063
      0.0922       0.0132       0.0680       0.1195       1.0001   40230.5385
      0.4355       0.0274       0.3816       0.4888       1.0000   32261.5813
      0.0804       0.0171       0.0491       0.1160       1.0012    4131.9901
      0.3904       0.0289       0.3363       0.4497       1.0003    9234.0691
      1.8445       0.0306       1.7845       1.9045       1.0000  101278.1435
      0.0086       0.0746      -0.1468       0.1471       1.0000   68745.4017
      0.0181       0.0712      -0.1257       0.1522       1.0000   39315.1333
     -0.1577       0.1020      -0.3402       0.0554       1.0001   24811.6923
      0.0559       0.0933      -0.1133       0.2546       1.0000   54334.4825
      0.6140       0.0423       0.5269       0.6942       1.0000   53277.6125
     -0.9478       0.0567      -1.0599      -0.8375       1.0000  126875.2337
     -1.8788       0.1127      -2.1153      -1.6722       1.0001   20679.1344
     -0.0983       0.0705      -0.2376       0.0389       1.0000  123226.2753
      0.1134       0.1131      -0.1084       0.3351       1.0000  126279.7282
      0.0301       0.1389      -0.2403       0.3052       1.0000  128216.8171
     -0.2413       0.1375      -0.5190       0.0207       1.0001   21917.1850
     -0.1638       0.2137      -0.5956       0.2426       1.0001   25263.0523
      0.2692       0.2920      -0.2461       0.9021       1.0001   19128.0421
      1.0000       0.0000       1.0000       1.0000          nan          nan
      0.5000       0.0000       0.5000       0.5000          nan          nan
      1.0000       0.0000       1.0000       1.0000          nan          nan
