      0.1617       0.0019       0.1604       0.1631          nan          nan
      0.0043       0.0002       0.0041       0.0045          nan          nan
      0.0039       0.0020       0.0025       0.0054          nan          nan
     -0.0509       0.0161      -0.0622      -0.0395          nan          nan
      0.0004       0.0002       0.0002       0.0006          nan          nan
      0.0613       0.0002       0.0611       0.0615          nan          nan
      0.1212       0.0146       0.1109       0.1316          nan          nan
      1.5311       0.0634       1.4863       1.5759          nan          nan
     -0.1512       0.0166      -0.1629      -0.1395          nan          nan
     -0.0073       0.0323      -0.0302       0.0155          nan          nan
     -0.0716       0.0279      -0.0913      -0.0518          nan          nan
      0.0126       0.0137       0.0029       0.0223          nan          nan
      0.0318       0.0357       0.0065       0.0570          nan          nan
      0.0050       0.0501      -0.0304       0.0404          nan          nan
      0.1352       0.0597       0.0931       0.1774          nan          nan
     -0.0136       0.0158      -0.0247      -0.0024          nan          nan
      0.1287       0.0650       0.0828       0.1747          nan          nan
     -0.4544       0.0505      -0.4902      -0.4187          nan          nan
     -0.0047       0.0206      -0.0192       0.0099          nan          nan
     -0.0522       0.0203      -0.0666      -0.0379          nan          nan
      0.0148       0.0161       0.0034       0.0262          nan          nan
      0.0174       0.0195       0.0036       0.0311          nan          nan
      0.0011       0.0107      -0.0065       0.0086          nan          nan
      0.0810       0.0356       0.0558       0.1062          nan          nan
     -0.0421       0.0491      -0.0768      -0.0074          nan          nan
      0.0595       0.0300       0.0383       0.0807          nan          nan
      0.2237       0.0137       0.2140       0.2334          nan          nan
      0.4537       0.0276       0.4342       0.4732          nan          nan
      0.0611       0.0185       0.0480       0.0742          nan          nan
      0.2615       0.0325       0.2385       0.2844          nan          nan
      1.8410       0.0296       1.8200       1.8619          nan          nan
      0.0631       0.1104      -0.0149       0.1412          nan          nan
     -0.0828       0.0491      -0.1175      -0.0481          nan          nan
     -0.0624       0.0739      -0.1147      -0.0102          nan          nan
      0.0971       0.0076       0.0917       0.1024          nan          nan
      0.6248       0.0468       0.5918       0.6579          nan          nan
     -0.8211       0.0654      -0.8674      -0.7749          nan          nan
     -1.7664       0.0653      -1.8125      -1.7202          nan          nan
     -0.1533       0.0585      -0.1947      -0.1120          nan          nan
      0.1089       0.2750      -0.0855       0.3033          nan          nan
      0.0302       0.0347       0.0057       0.0547          nan          nan
     -0.1950       0.0706      -0.2449      -0.1451          nan          nan
     -0.3232       0.0692      -0.3722      -0.2743          nan          nan
      0.3933       0.0973       0.3245       0.4621          nan          nan
      1.0000       0.0000       1.0000       1.0000          nan          nan
      0.5000       0.0000       0.5000       0.5000          nan          nan
      1.0000       0.0000       1.0000       1.0000          nan          nan
