      0.1359       0.0089       0.1296       0.1422          nan          nan
     -0.0211       0.0010      -0.0218      -0.0204          nan          nan
      0.0092       0.0005       0.0089       0.0095          nan          nan
      0.0392       0.0025       0.0375       0.0410          nan          nan
     -0.0161       0.0004      -0.0164      -0.0158          nan          nan
      0.0393       0.0010       0.0386       0.0400          nan          nan
      0.1258       0.0044       0.1226       0.1289          nan          nan
      2.3479       0.0032       2.3457       2.3502          nan          nan
      0.1294       0.0023       0.1278       0.1310          nan          nan
     -0.2360       0.0621      -0.2799      -0.1920          nan          nan
      0.0338       0.0152       0.0230       0.0445          nan          nan
      0.0095       0.0156      -0.0016       0.0205          nan          nan
      0.0244       0.0281       0.0045       0.0443          nan          nan
     -0.0667       0.0535      -0.1045      -0.0289          nan          nan
     -0.0202       0.0231      -0.0365      -0.0039          nan          nan
     -0.0078       0.0065      -0.0124      -0.0032          nan          nan
     -0.0213       0.0307      -0.0430       0.0004          nan          nan
      0.4825       0.0113       0.4745       0.4905          nan          nan
     -0.1860       0.0479      -0.2199      -0.1521          nan          nan
      0.0306       0.0139       0.0208       0.0405          nan          nan
      0.0138       0.0227      -0.0023       0.0298          nan          nan
      0.0165       0.0190       0.0031       0.0299          nan          nan
     -0.0177       0.0142      -0.0278      -0.0076          nan          nan
     -0.0151       0.0172      -0.0273      -0.0029          nan          nan
     -0.0299       0.0249      -0.0475      -0.0123          nan          nan
     -0.0123       0.0177      -0.0248       0.0002          nan          nan
      0.1720       0.0193       0.1584       0.1857          nan          nan
      0.3050       0.0052       0.3014       0.3087          nan          nan
      0.1056       0.0044       0.1025       0.1087          nan          nan
      0.4173       0.0097       0.4105       0.4242          nan          nan
      1.8199       0.0748       1.7670       1.8729          nan          nan
     -0.0267       0.0795      -0.0830       0.0295          nan          nan
      0.0193       0.1629      -0.0959       0.1345          nan          nan
     -0.0769       0.2038      -0.2209       0.0672          nan          nan
      0.0238       0.0015       0.0227       0.0248          nan          nan
      0.6350       0.0058       0.6310       0.6391          nan          nan
     -0.9161       0.0090      -0.9224      -0.9097          nan          nan
     -1.6977       0.0095      -1.7045      -1.6910          nan          nan
     -0.1254       0.0019      -0.1268      -0.1240          nan          nan
      0.0700       0.0386       0.0427       0.0973          nan          nan
      0.1835       0.0771       0.1290       0.2380          nan          nan
     -0.2368       0.1840      -0.3669      -0.1066          nan          nan
     -0.1904       0.1371      -0.2874      -0.0935          nan          nan
      0.0570       0.1061      -0.0180       0.1320          nan          nan
      1.0000       0.0000       1.0000       1.0000          nan          nan
      0.5000       0.0000       0.5000       0.5000          nan          nan
      1.0000       0.0000       1.0000       1.0000          nan          nan
