      0.3761       0.0380       0.3493       0.4030          nan          nan
     -0.0140       0.0006      -0.0144      -0.0135          nan          nan
      0.0117       0.0005       0.0113       0.0120          nan          nan
     -0.0278       0.0091      -0.0342      -0.0213          nan          nan
     -0.0276       0.0018      -0.0290      -0.0263          nan          nan
      0.3218       0.0270       0.3027       0.3409          nan          nan
      0.1818       0.0001       0.1817       0.1818          nan          nan
      2.2278       0.1082       2.1512       2.3043          nan          nan
     -0.1507       0.0116      -0.1589      -0.1425          nan          nan
      0.1559       0.0573       0.1153       0.1964          nan          nan
      0.0403       0.0598      -0.0020       0.0826          nan          nan
      0.0155       0.0114       0.0074       0.0235          nan          nan
      0.0114       0.0667      -0.0358       0.0586          nan          nan
     -0.1536       0.3465      -0.3986       0.0914          nan          nan
      0.0647       0.0771       0.0102       0.1192          nan          nan
     -0.0105       0.0119      -0.0189      -0.0020          nan          nan
     -0.0638       0.1267      -0.1533       0.0258          nan          nan
     -0.3293       0.0180      -0.3421      -0.3166          nan          nan
      0.0657       0.0228       0.0496       0.0818          nan          nan
      0.0238       0.0355      -0.0012       0.0489          nan          nan
      0.0148       0.0107       0.0073       0.0223          nan          nan
      0.0048       0.0300      -0.0164       0.0260          nan          nan
     -0.0263       0.0602      -0.0689       0.0163          nan          nan
      0.0315       0.0373       0.0051       0.0579          nan          nan
     -0.0239       0.0274      -0.0432      -0.0045          nan          nan
     -0.0184       0.0370      -0.0446       0.0077          nan          nan
      0.1076       0.0111       0.0998       0.1154          nan          nan
      0.5373       0.0136       0.5277       0.5469          nan          nan
      0.0889       0.0129       0.0798       0.0980          nan          nan
      0.2662       0.0118       0.2579       0.2745          nan          nan
      1.9000       0.0269       1.8809       1.9190          nan          nan
      0.0127       0.1163      -0.0696       0.0949          nan          nan
      0.0081       0.0343      -0.0162       0.0323          nan          nan
     -0.1717       0.0500      -0.2070      -0.1363          nan          nan
      0.0756       0.1175      -0.0076       0.1587          nan          nan
      0.6005       0.0712       0.5501       0.6509          nan          nan
     -1.0086       0.0284      -1.0287      -0.9885          nan          nan
     -1.9155       0.0955      -1.9831      -1.8480          nan          nan
     -0.2159       0.0607      -0.2588      -0.1730          nan          nan
      0.0346       0.0164       0.0229       0.0462          nan          nan
      0.1736       0.3729      -0.0901       0.4372          nan          nan
     -0.3519       0.1126      -0.4315      -0.2723          nan          nan
     -0.1192       0.1726      -0.2412       0.0028          nan          nan
      0.2960       0.2257       0.1364       0.4557          nan          nan
      1.0000       0.0000       1.0000       1.0000          nan          nan
      0.5000       0.0000       0.5000       0.5000          nan          nan
      1.0000       0.0000       1.0000       1.0000          nan          nan
