      0.5257       0.0391       0.4537       0.6067       1.0000  108601.1353
     -0.0658       0.0091      -0.0847      -0.0490       1.0002   18887.4826
      0.0205       0.0029       0.0154       0.0266       1.0004    7419.9478
      0.0039       0.0298      -0.0551       0.0624       1.0021    1315.7367
     -0.0171       0.0070      -0.0323      -0.0045       1.0014    1278.3810
      0.0318       0.0162       0.0093       0.0715       1.0008    1006.3637
      0.1749       0.0110       0.1548       0.1981       1.0002   29092.2462
      1.4989       0.0639       1.3733       1.6236       1.0000   35962.9751
     -0.1689       0.0124      -0.1932      -0.1446       1.0000   40973.8101
      0.1621       0.0485       0.0670       0.2571       1.0000   84424.9351
     -0.1297       0.0635      -0.2546      -0.0054       1.0000   48445.8089
      0.0413       0.0323      -0.0220       0.1049       1.0002   27605.2447
      0.0073       0.0727      -0.1353       0.1495       1.0001   25457.6594
      0.1989       0.1762      -0.1474       0.5422       1.0000   28056.4335
      0.0822       0.0599      -0.0346       0.2002       1.0001   28826.1122
      0.0125       0.0186      -0.0241       0.0489       1.0000   40946.0351
     -0.1455       0.0738      -0.2905      -0.0008       1.0000   84922.2498
     -0.4273       0.0304      -0.4861      -0.3670       1.0000   40781.1359
      0.0867       0.0259       0.0359       0.1375       1.0000   84275.9947
     -0.0797       0.0389      -0.1560      -0.0034       1.0000   48455.8173
      0.0409       0.0318      -0.0218       0.1032       1.0002   27713.2311
      0.0034       0.0334      -0.0621       0.0689       1.0001   25475.6081
      0.0358       0.0316      -0.0265       0.0971       1.0000   28108.8019
      0.0415       0.0301      -0.0174       0.1007       1.0001   28838.7712
      0.0327       0.0486      -0.0628       0.1278       1.0000   40943.9108
     -0.0566       0.0287      -0.1130      -0.0003       1.0000   84469.7053
      0.1698       0.0160       0.1393       0.2019       1.0000   39120.7531
      0.4435       0.0256       0.3936       0.4940       1.0000   27955.7064
      0.1181       0.0154       0.0899       0.1502       1.0004   11725.2563
      0.2672       0.0191       0.2319       0.3068       1.0002   24500.5905
      1.8442       0.0306       1.7844       1.9042       1.0000   92896.8020
      0.0086       0.0750      -0.1481       0.1476       1.0001   66718.9736
      0.0190       0.0712      -0.1251       0.1526       1.0001   38870.0632
     -0.1600       0.1019      -0.3418       0.0527       1.0001   24918.8146
      0.0564       0.0942      -0.1134       0.2589       1.0000   49955.0654
      0.6135       0.0424       0.5260       0.6939       1.0001   51638.1274
     -0.9474       0.0567      -1.0595      -0.8371       1.0000  126085.1833
     -1.8802       0.1130      -2.1166      -1.6730       1.0002   19194.0534
     -0.0994       0.0706      -0.2392       0.0382       1.0000  121998.0609
      0.1138       0.1128      -0.1069       0.3352       1.0000  127796.8623
      0.0304       0.1388      -0.2384       0.3059       1.0000  127985.2361
     -0.2450       0.1376      -0.5214       0.0159       1.0001   21986.1274
     -0.1624       0.2155      -0.5968       0.2497       1.0001   24273.3139
      0.2716       0.2938      -0.2459       0.9080       1.0000   19297.1967
      1.0000       0.0000       1.0000       1.0000          nan          nan
      0.5000       0.0000       0.5000       0.5000          nan          nan
      1.0000       0.0000       1.0000       1.0000          nan          nan
