      0.1601       0.0129       0.1509       0.1692          nan          nan
     -0.0262       0.0032      -0.0284      -0.0239          nan          nan
      0.0100       0.0014       0.0090       0.0110          nan          nan
      0.0671       0.0105       0.0597       0.0745          nan          nan
     -0.0241       0.0004      -0.0243      -0.0238          nan          nan
      0.0688       0.0192       0.0553       0.0824          nan          nan
      0.1279       0.0043       0.1249       0.1310          nan          nan
      2.3149       0.0043       2.3118       2.3179          nan          nan
      0.1314       0.0089       0.1251       0.1377          nan          nan
     -0.2685       0.0110      -0.2763      -0.2607          nan          nan
     -0.0308       0.0033      -0.0331      -0.0285          nan          nan
      0.0075       0.0059       0.0034       0.0117          nan          nan
      0.0066       0.0022       0.0051       0.0082          nan          nan
     -0.0602       0.0017      -0.0614      -0.0591          nan          nan
      0.0227       0.0033       0.0204       0.0251          nan          nan
      0.0088       0.0099       0.0018       0.0158          nan          nan
      0.0809       0.0344       0.0566       0.1053          nan          nan
      0.4773       0.0249       0.4597       0.4949          nan          nan
     -0.2064       0.0052      -0.2101      -0.2027          nan          nan
     -0.0274       0.0033      -0.0297      -0.0250          nan          nan
      0.0106       0.0083       0.0047       0.0165          nan          nan
      0.0044       0.0015       0.0033       0.0054          nan          nan
     -0.0152       0.0002      -0.0154      -0.0151          nan          nan
      0.0169       0.0022       0.0154       0.0184          nan          nan
      0.0344       0.0390       0.0068       0.0619          nan          nan
      0.0480       0.0197       0.0341       0.0619          nan          nan
      0.1922       0.0053       0.1885       0.1960          nan          nan
      0.2980       0.0090       0.2917       0.3043          nan          nan
      0.1066       0.0028       0.1046       0.1086          nan          nan
      0.4031       0.0008       0.4025       0.4037          nan          nan
      1.8667       0.0148       1.8563       1.8772          nan          nan
     -0.0491       0.0338      -0.0730      -0.0252          nan          nan
      0.0595       0.1071      -0.0162       0.1352          nan          nan
     -0.2248       0.1778      -0.3505      -0.0991          nan          nan
      0.0760       0.0550       0.0371       0.1149          nan          nan
      0.5924       0.0076       0.5871       0.5978          nan          nan
     -0.9407       0.0972      -1.0094      -0.8720          nan          nan
     -1.8688       0.1823      -1.9977      -1.7399          nan          nan
     -0.0385       0.0296      -0.0595      -0.0176          nan          nan
     -0.2080       0.1790      -0.3346      -0.0814          nan          nan
     -0.0121       0.1233      -0.0993       0.0751          nan          nan
     -0.3116       0.1720      -0.4332      -0.1901          nan          nan
      0.0817       0.1363      -0.0146       0.1781          nan          nan
      0.0680       0.1414      -0.0320       0.1679          nan          nan
      1.0000       0.0000       1.0000       1.0000          nan          nan
      0.5000       0.0000       0.5000       0.5000          nan          nan
      1.0000       0.0000       1.0000       1.0000          nan          nan
