      0.1464       0.0177       0.1133       0.1826       1.0003   21479.8100
     -0.0209       0.0047      -0.0305      -0.0121       1.0006   12740.3619
      0.0082       0.0017       0.0050       0.0118       1.0005    7770.3982
      0.0322       0.0172      -0.0011       0.0665       1.0012    2119.3417
     -0.0138       0.0052      -0.0249      -0.0044       1.0015    1741.5081
      0.0371       0.0192       0.0092       0.0832       1.0016    1245.3416
      0.1339       0.0089       0.1176       0.1523       1.0003    8518.1912
      2.3501       0.0435       2.2649       2.4356       1.0000   77769.3063
      0.1352       0.0101       0.1155       0.1551       1.0000   67961.3192
     -0.2443       0.0482      -0.3390      -0.1498       1.0000   95531.0239
      0.0106       0.0419      -0.0716       0.0930       1.0000  120090.1103
      0.0132       0.0210      -0.0282       0.0544       1.0000   58742.3473
     -0.0061       0.0479      -0.1003       0.0875       1.0000   50125.5199
      0.0025       0.1153      -0.2241       0.2278       1.0000   59293.0380
     -0.0362       0.0379      -0.1104       0.0382       1.0000   59441.3644
     -0.0065       0.0138      -0.0335       0.0207       1.0001   72582.4438
      0.0138       0.0652      -0.1138       0.1417       1.0001   87833.8409
      0.4934       0.0348       0.4239       0.5603       1.0001   68795.4934
     -0.1886       0.0369      -0.2608      -0.1158       1.0000   93203.3673
      0.0094       0.0373      -0.0637       0.0828       1.0000  120221.3891
      0.0185       0.0295      -0.0394       0.0760       1.0000   58840.6716
     -0.0040       0.0314      -0.0659       0.0571       1.0000   50122.4231
      0.0006       0.0293      -0.0568       0.0578       1.0000   59364.1890
     -0.0270       0.0282      -0.0823       0.0284       1.0000   59264.8700
     -0.0253       0.0539      -0.1303       0.0810       1.0001   72773.6162
      0.0083       0.0389      -0.0679       0.0845       1.0001   87710.1214
      0.1852       0.0166       0.1533       0.2184       1.0000   69239.5181
      0.2944       0.0269       0.2429       0.3484       1.0000   28884.8103
      0.0931       0.0187       0.0589       0.1324       1.0011    4034.2023
      0.4255       0.0299       0.3690       0.4860       1.0004    6844.4122
      1.8539       0.0317       1.7914       1.9160       1.0000   95346.4606
     -0.0057       0.0806      -0.1524       0.1650       1.0001   53272.2983
      0.0880       0.0730      -0.0629       0.2213       1.0001   37378.5146
     -0.1844       0.1058      -0.3678       0.0407       1.0002   22827.5656
      0.0929       0.0976      -0.0838       0.3020       1.0001   46500.8235
      0.5899       0.0465       0.4907       0.6753       1.0001   39795.7577
     -0.9713       0.0601      -1.0902      -0.8549       1.0000  124237.3673
     -1.9059       0.1210      -2.1606      -1.6853       1.0001   18518.0846
     -0.0059       0.0764      -0.1564       0.1434       1.0000  122841.3801
     -0.1476       0.1201      -0.3824       0.0887       1.0000  126107.7401
      0.0731       0.1453      -0.2074       0.3620       1.0000  120837.1824
     -0.2371       0.1524      -0.5470       0.0499       1.0001   20026.7158
      0.1389       0.2233      -0.2871       0.5874       1.0001   26320.3599
      0.2637       0.2974      -0.2665       0.9029       1.0002   20122.3530
      1.0000       0.0000       1.0000       1.0000          nan          nan
      0.5000       0.0000       0.5000       0.5000          nan          nan
      1.0000       0.0000       1.0000       1.0000          nan          nan
