      0.1401       0.0167       0.1085       0.1741       1.0003   21991.1579
     -0.0196       0.0045      -0.0288      -0.0111       1.0003   13331.1097
      0.0080       0.0017       0.0049       0.0115       1.0002    9126.0607
      0.0301       0.0167      -0.0018       0.0641       1.0008    1939.2784
     -0.0136       0.0050      -0.0245      -0.0047       1.0010    2255.5825
      0.0371       0.0191       0.0111       0.0845       1.0007    1283.2377
      0.1335       0.0089       0.1172       0.1519       1.0002   10478.1133
      2.3598       0.0396       2.2819       2.4374       1.0000   77297.6575
      0.1296       0.0091       0.1117       0.1476       1.0000   59622.4083
     -0.2227       0.0431      -0.3072      -0.1380       1.0001   87532.5136
      0.0037       0.0396      -0.0738       0.0816       1.0000  122960.1175
      0.0018       0.0200      -0.0375       0.0410       1.0000   54918.2663
      0.0132       0.0456      -0.0760       0.1029       1.0001   46916.6870
      0.0035       0.1098      -0.2113       0.2190       1.0000   55244.7761
     -0.0322       0.0371      -0.1048       0.0404       1.0000   58101.3280
      0.0003       0.0137      -0.0266       0.0271       1.0000   63545.8232
     -0.0274       0.0653      -0.1553       0.1013       1.0000   86167.6753
      0.4757       0.0317       0.4126       0.5368       1.0000   59795.6761
     -0.1729       0.0332      -0.2376      -0.1075       1.0001   89282.1884
      0.0033       0.0353      -0.0657       0.0727       1.0000  123035.3438
      0.0025       0.0287      -0.0537       0.0586       1.0000   55041.6030
      0.0088       0.0304      -0.0510       0.0684       1.0001   47072.4860
      0.0009       0.0286      -0.0550       0.0571       1.0000   55316.3736
     -0.0235       0.0271      -0.0767       0.0294       1.0000   57942.1104
      0.0012       0.0519      -0.1008       0.1025       1.0000   63670.4640
     -0.0155       0.0369      -0.0876       0.0572       1.0000   86111.1651
      0.1807       0.0163       0.1495       0.2132       1.0000   56439.9172
      0.2960       0.0269       0.2445       0.3498       1.0001   27624.1266
      0.0924       0.0186       0.0581       0.1313       1.0006    4607.4336
      0.4294       0.0301       0.3721       0.4903       1.0001    7838.1665
      1.8443       0.0307       1.7842       1.9044       1.0000   96562.7603
      0.0088       0.0746      -0.1468       0.1473       1.0000   68252.5994
      0.0184       0.0711      -0.1247       0.1520       1.0000   40625.8959
     -0.1594       0.1016      -0.3402       0.0533       1.0001   25776.3736
      0.0571       0.0940      -0.1126       0.2583       1.0000   52688.0120
      0.6135       0.0422       0.5267       0.6938       1.0000   56029.2128
     -0.9473       0.0565      -1.0589      -0.8377       1.0000  125982.8241
     -1.8796       0.1126      -2.1151      -1.6736       1.0001   20327.0744
     -0.0992       0.0707      -0.2390       0.0385       1.0000  123294.3874
      0.1138       0.1129      -0.1074       0.3345       1.0000  129712.3021
      0.0303       0.1387      -0.2375       0.3059       1.0000  127390.7139
     -0.2438       0.1369      -0.5181       0.0169       1.0001   22778.7380
     -0.1636       0.2135      -0.5920       0.2461       1.0001   25611.3108
      0.2743       0.2949      -0.2436       0.9172       1.0000   19279.5065
      1.0000       0.0000       1.0000       1.0000          nan          nan
      0.5000       0.0000       0.5000       0.5000          nan          nan
      1.0000       0.0000       1.0000       1.0000          nan          nan
