      0.5475       0.0788       0.4918       0.6032          nan          nan
     -0.0761       0.0212      -0.0911      -0.0611          nan          nan
      0.0243       0.0042       0.0213       0.0272          nan          nan
     -0.0017       0.0346      -0.0262       0.0228          nan          nan
     -0.0212       0.0137      -0.0309      -0.0116          nan          nan
      0.0467       0.0270       0.0276       0.0658          nan          nan
      0.1767       0.0084       0.1707       0.1826          nan          nan
      1.3214       0.0161       1.3100       1.3328          nan          nan
     -0.1618       0.0185      -0.1748      -0.1487          nan          nan
      0.0692       0.0439       0.0382       0.1002          nan          nan
      0.1279       0.0353       0.1030       0.1528          nan          nan
      0.0671       0.0283       0.0471       0.0871          nan          nan
      0.0272       0.1568      -0.0836       0.1381          nan          nan
      0.1736       0.0406       0.1449       0.2023          nan          nan
      0.1454       0.0443       0.1141       0.1767          nan          nan
     -0.0044       0.0168      -0.0163       0.0075          nan          nan
      0.1035       0.0575       0.0628       0.1442          nan          nan
     -0.4078       0.0358      -0.4332      -0.3825          nan          nan
      0.0367       0.0225       0.0208       0.0525          nan          nan
      0.0786       0.0197       0.0647       0.0925          nan          nan
      0.0647       0.0257       0.0465       0.0828          nan          nan
      0.0133       0.0714      -0.0372       0.0638          nan          nan
      0.0306       0.0079       0.0250       0.0362          nan          nan
      0.0748       0.0209       0.0600       0.0895          nan          nan
     -0.0125       0.0457      -0.0448       0.0198          nan          nan
      0.0431       0.0249       0.0255       0.0607          nan          nan
      0.1712       0.0201       0.1570       0.1854          nan          nan
      0.4201       0.0049       0.4167       0.4236          nan          nan
      0.1401       0.0236       0.1235       0.1568          nan          nan
      0.2686       0.0014       0.2676       0.2696          nan          nan
      1.8392       0.0712       1.7888       1.8896          nan          nan
      0.0225       0.0146       0.0121       0.0328          nan          nan
      0.1361       0.0136       0.1265       0.1457          nan          nan
     -0.3009       0.1385      -0.3989      -0.2029          nan          nan
      0.1010       0.1364       0.0045       0.1975          nan          nan
      0.5345       0.1269       0.4448       0.6243          nan          nan
     -0.9239       0.0689      -0.9726      -0.8752          nan          nan
     -1.8712       0.0440      -1.9024      -1.8401          nan          nan
     -0.0395       0.1093      -0.1168       0.0378          nan          nan
     -0.1818       0.1655      -0.2988      -0.0648          nan          nan
      0.0972       0.0700       0.0477       0.1467          nan          nan
     -0.4476       0.3659      -0.7063      -0.1889          nan          nan
      0.0873       0.2855      -0.1146       0.2891          nan          nan
      0.0902       0.6194      -0.3478       0.5282          nan          nan
      1.0000       0.0000       1.0000       1.0000          nan          nan
      0.5000       0.0000       0.5000       0.5000          nan          nan
      1.0000       0.0000       1.0000       1.0000          nan          nan
