      0.1394       0.0097       0.1325       0.1462          nan          nan
     -0.0078       0.0045      -0.0110      -0.0047          nan          nan
      0.0056       0.0003       0.0054       0.0059          nan          nan
      0.0011       0.0156      -0.0100       0.0121          nan          nan
     -0.0054       0.0051      -0.0091      -0.0018          nan          nan
      0.0347       0.0281       0.0149       0.0546          nan          nan
      0.1411       0.0104       0.1338       0.1485          nan          nan
      2.8222       0.0022       2.8207       2.8238          nan          nan
     -0.0702       0.0066      -0.0749      -0.0655          nan          nan
     -0.0199       0.0478      -0.0537       0.0139          nan          nan
      0.1355       0.0211       0.1205       0.1504          nan          nan
      0.0076       0.0174      -0.0047       0.0199          nan          nan
     -0.0800       0.0771      -0.1345      -0.0254          nan          nan
     -0.0550       0.1450      -0.1575       0.0476          nan          nan
     -0.0247       0.0239      -0.0417      -0.0078          nan          nan
     -0.0219       0.0120      -0.0305      -0.0134          nan          nan
      0.1474       0.0572       0.1069       0.1879          nan          nan
     -0.2468       0.0133      -0.2563      -0.2374          nan          nan
     -0.0155       0.0362      -0.0411       0.0101          nan          nan
      0.1169       0.0229       0.1008       0.1331          nan          nan
      0.0099       0.0232      -0.0065       0.0263          nan          nan
     -0.0496       0.0468      -0.0827      -0.0165          nan          nan
     -0.0142       0.0361      -0.0397       0.0113          nan          nan
     -0.0182       0.0179      -0.0309      -0.0055          nan          nan
     -0.0836       0.0487      -0.1180      -0.0491          nan          nan
      0.0856       0.0364       0.0599       0.1114          nan          nan
      0.0886       0.0063       0.0842       0.0931          nan          nan
      0.4190       0.0168       0.4072       0.4308          nan          nan
      0.0753       0.0078       0.0697       0.0808          nan          nan
      0.4171       0.0026       0.4152       0.4190          nan          nan
      1.8447       0.0274       1.8253       1.8641          nan          nan
      0.0305       0.0139       0.0207       0.0403          nan          nan
      0.1137       0.0570       0.0734       0.1540          nan          nan
     -0.2156       0.0032      -0.2179      -0.2134          nan          nan
      0.0569       0.0286       0.0366       0.0771          nan          nan
      0.5771       0.0084       0.5712       0.5830          nan          nan
     -0.9913       0.0995      -1.0616      -0.9209          nan          nan
     -2.1116       0.0318      -2.1341      -2.0891          nan          nan
      0.0565       0.0444       0.0251       0.0879          nan          nan
     -0.2171       0.1599      -0.3302      -0.1040          nan          nan
     -0.0242       0.0533      -0.0619       0.0134          nan          nan
     -0.2368       0.0158      -0.2479      -0.2256          nan          nan
      0.1663       0.3478      -0.0796       0.4123          nan          nan
      0.1580       0.3584      -0.0955       0.4114          nan          nan
      1.0000       0.0000       1.0000       1.0000          nan          nan
      0.5000       0.0000       0.5000       0.5000          nan          nan
      1.0000       0.0000       1.0000       1.0000          nan          nan
