      0.3837       0.0277       0.3331       0.4416       1.0000  106669.0522
     -0.0123       0.0062      -0.0248      -0.0007       1.0001   23413.1818
      0.0123       0.0019       0.0088       0.0165       1.0000   19610.9922
     -0.0476       0.0347      -0.1155       0.0206       1.0001   23056.0684
     -0.0260       0.0084      -0.0436      -0.0108       1.0001   18398.2538
      0.3397       0.0591       0.2369       0.4685       1.0003   18673.0529
      0.1808       0.0067       0.1683       0.1944       1.0000   57549.3179
      2.1845       0.0600       2.0670       2.3024       1.0001   18849.1851
     -0.1540       0.0107      -0.1751      -0.1329       1.0000   31171.6293
      0.1310       0.0643       0.0050       0.2575       1.0000   42650.4531
      0.0718       0.0540      -0.0336       0.1784       1.0001   24459.9782
      0.0087       0.0315      -0.0531       0.0705       1.0000   16451.9608
      0.0359       0.0688      -0.0996       0.1709       1.0001   16148.9909
      0.0023       0.1727      -0.3366       0.3405       1.0001   16602.4102
      0.0823       0.0607      -0.0379       0.2000       1.0002   15414.9249
     -0.0121       0.0162      -0.0439       0.0197       1.0000   31025.0973
     -0.0007       0.0986      -0.1944       0.1927       1.0000   39008.8373
     -0.3300       0.0231      -0.3750      -0.2846       1.0000   31555.0579
      0.0544       0.0267       0.0021       0.1069       1.0000   42675.7476
      0.0423       0.0318      -0.0198       0.1051       1.0001   24548.9712
      0.0083       0.0298      -0.0503       0.0666       1.0000   16465.0429
      0.0159       0.0304      -0.0439       0.0754       1.0001   16161.6106
      0.0004       0.0297      -0.0580       0.0587       1.0001   16619.2494
      0.0398       0.0292      -0.0184       0.0963       1.0002   15490.3522
     -0.0267       0.0358      -0.0972       0.0433       1.0000   31014.2036
     -0.0002       0.0285      -0.0563       0.0558       1.0000   39058.4575
      0.1098       0.0105       0.0901       0.1313       1.0000   28512.8401
      0.5424       0.0206       0.5017       0.5825       1.0000   31143.3556
      0.0928       0.0107       0.0733       0.1151       1.0002   19014.9442
      0.2542       0.0138       0.2281       0.2822       1.0001   33398.2801
      1.8442       0.0306       1.7843       1.9045       1.0000  100829.3741
      0.0090       0.0746      -0.1466       0.1473       1.0000   68903.4185
      0.0179       0.0711      -0.1255       0.1518       1.0001   40973.3776
     -0.1583       0.1015      -0.3397       0.0537       1.0001   26013.7383
      0.0567       0.0936      -0.1124       0.2568       1.0001   50401.1318
      0.6139       0.0421       0.5272       0.6940       1.0001   55306.7268
     -0.9474       0.0567      -1.0599      -0.8374       1.0000  125181.4171
     -1.8796       0.1128      -2.1150      -1.6729       1.0001   19927.7920
     -0.0990       0.0706      -0.2386       0.0380       1.0000  123013.9512
      0.1142       0.1129      -0.1077       0.3348       1.0000  127698.9201
      0.0304       0.1391      -0.2386       0.3061       1.0000  127067.4174
     -0.2423       0.1366      -0.5176       0.0183       1.0002   23154.0712
     -0.1618       0.2137      -0.5942       0.2450       1.0000   25194.4336
      0.2733       0.2930      -0.2441       0.9073       1.0001   18822.1246
      1.0000       0.0000       1.0000       1.0000          nan          nan
      0.5000       0.0000       0.5000       0.5000          nan          nan
      1.0000       0.0000       1.0000       1.0000          nan          nan
