      0.3835       0.0180       0.3708       0.3963          nan          nan
     -0.0143       0.0068      -0.0191      -0.0095          nan          nan
      0.0120       0.0041       0.0091       0.0149          nan          nan
     -0.0127       0.0486      -0.0471       0.0216          nan          nan
     -0.0276       0.0040      -0.0304      -0.0247          nan          nan
      0.3712       0.0540       0.3330       0.4093          nan          nan
      0.1786       0.0000       0.1785       0.1786          nan          nan
      2.3400       0.0023       2.3384       2.3416          nan          nan
     -0.1501       0.0068      -0.1549      -0.1453          nan          nan
      0.0826       0.0651       0.0366       0.1287          nan          nan
     -0.0385       0.0340      -0.0626      -0.0144          nan          nan
     -0.0126       0.0317      -0.0351       0.0098          nan          nan
     -0.0444       0.0861      -0.1053       0.0165          nan          nan
     -0.3553       0.2915      -0.5614      -0.1492          nan          nan
     -0.0121       0.0461      -0.0447       0.0205          nan          nan
     -0.0152       0.0096      -0.0219      -0.0084          nan          nan
      0.0665       0.0042       0.0635       0.0694          nan          nan
     -0.3231       0.0098      -0.3300      -0.3161          nan          nan
      0.0347       0.0276       0.0151       0.0542          nan          nan
     -0.0228       0.0199      -0.0369      -0.0087          nan          nan
     -0.0118       0.0301      -0.0331       0.0094          nan          nan
     -0.0194       0.0379      -0.0462       0.0074          nan          nan
     -0.0610       0.0495      -0.0960      -0.0261          nan          nan
     -0.0060       0.0225      -0.0219       0.0098          nan          nan
     -0.0345       0.0222      -0.0502      -0.0188          nan          nan
      0.0201       0.0010       0.0194       0.0208          nan          nan
      0.1100       0.0129       0.1009       0.1192          nan          nan
      0.5405       0.0035       0.5380       0.5429          nan          nan
      0.0962       0.0089       0.0899       0.1025          nan          nan
      0.2533       0.0075       0.2480       0.2587          nan          nan
      1.8149       0.0395       1.7870       1.8429          nan          nan
     -0.1138       0.0383      -0.1409      -0.0867          nan          nan
     -0.0190       0.0008      -0.0196      -0.0184          nan          nan
     -0.1028       0.0277      -0.1224      -0.0832          nan          nan
     -0.0031       0.0610      -0.0462       0.0400          nan          nan
      0.6321       0.0213       0.6170       0.6472          nan          nan
     -0.9597       0.0329      -0.9830      -0.9364          nan          nan
     -1.8432       0.1166      -1.9257      -1.7608          nan          nan
     -0.1381       0.0888      -0.2009      -0.0754          nan          nan
     -0.0109       0.0509      -0.0469       0.0251          nan          nan
     -0.0460       0.3330      -0.2814       0.1895          nan          nan
     -0.2582       0.0165      -0.2698      -0.2465          nan          nan
     -0.2439       0.2860      -0.4461      -0.0417          nan          nan
     -0.2121       0.1037      -0.2854      -0.1387          nan          nan
      1.0000       0.0000       1.0000       1.0000          nan          nan
      0.5000       0.0000       0.5000       0.5000          nan          nan
      1.0000       0.0000       1.0000       1.0000          nan          nan
