      0.5215       0.0406       0.4471       0.6065       1.0000  114828.3265
     -0.0653       0.0092      -0.0844      -0.0482       1.0002   19796.0256
      0.0204       0.0029       0.0153       0.0265       1.0003   11541.4959
      0.0043       0.0293      -0.0522       0.0631       1.0015     976.5697
     -0.0172       0.0068      -0.0319      -0.0049       1.0033    1135.4807
      0.0309       0.0157       0.0105       0.0707       1.0031     988.8487
      0.1746       0.0110       0.1547       0.1979       1.0001   35053.3409
      1.3895       0.0700       1.2522       1.5267       1.0000   34840.1607
     -0.1583       0.0138      -0.1853      -0.1313       1.0000   43131.5912
      0.0150       0.0545      -0.0924       0.1215       1.0000   93250.0978
      0.1221       0.0666      -0.0086       0.2524       1.0000   49164.0348
      0.0258       0.0336      -0.0402       0.0914       1.0001   28427.4879
      0.0334       0.0761      -0.1157       0.1837       1.0000   26032.0385
      0.2631       0.1845      -0.0996       0.6246       1.0001   29390.2577
      0.0788       0.0611      -0.0412       0.1989       1.0001   28891.8037
     -0.0141       0.0188      -0.0509       0.0226       1.0000   47482.4628
      0.1544       0.0734       0.0105       0.2984       1.0000   96284.3303
     -0.4001       0.0336      -0.4650      -0.3335       1.0001   44699.6973
      0.0080       0.0291      -0.0494       0.0649       1.0000   93414.0252
      0.0754       0.0410      -0.0053       0.1554       1.0000   49321.7623
      0.0251       0.0325      -0.0390       0.0884       1.0001   28467.7481
      0.0152       0.0346      -0.0524       0.0834       1.0000   26027.4255
      0.0464       0.0324      -0.0176       0.1094       1.0001   29500.7111
      0.0408       0.0315      -0.0212       0.1025       1.0001   28917.4113
     -0.0381       0.0507      -0.1379       0.0611       1.0000   47441.5807
      0.0639       0.0304       0.0044       0.1235       1.0000   95549.0118
      0.1739       0.0165       0.1425       0.2070       1.0001   44430.9378
      0.4411       0.0256       0.3914       0.4918       1.0001   33719.2844
      0.1170       0.0152       0.0891       0.1487       1.0003   11641.2478
      0.2665       0.0191       0.2315       0.3064       1.0000   31057.5238
      1.8537       0.0318       1.7915       1.9160       1.0000   97117.8578
     -0.0062       0.0806      -0.1526       0.1650       1.0001   54332.3287
      0.0876       0.0729      -0.0636       0.2203       1.0001   38906.2392
     -0.1829       0.1059      -0.3674       0.0426       1.0001   23903.7174
      0.0935       0.0974      -0.0829       0.3020       1.0000   47368.1780
      0.5902       0.0463       0.4913       0.6755       1.0001   41042.0020
     -0.9709       0.0600      -1.0893      -0.8544       1.0000  122291.7531
     -1.9033       0.1211      -2.1580      -1.6827       1.0000   19122.6164
     -0.0062       0.0761      -0.1563       0.1424       1.0000  125504.7495
     -0.1472       0.1199      -0.3826       0.0876       1.0000  125664.0593
      0.0730       0.1456      -0.2087       0.3626       1.0000  121233.8513
     -0.2349       0.1521      -0.5445       0.0510       1.0001   20860.7851
      0.1397       0.2233      -0.2885       0.5884       1.0000   25676.6324
      0.2671       0.2961      -0.2599       0.9025       1.0001   20301.8596
      1.0000       0.0000       1.0000       1.0000          nan          nan
      0.5000       0.0000       0.5000       0.5000          nan          nan
      1.0000       0.0000       1.0000       1.0000          nan          nan
