      0.5256       0.0391       0.4535       0.6069       1.0000  108356.8874
     -0.0660       0.0091      -0.0847      -0.0491       1.0001   22793.1593
      0.0206       0.0029       0.0155       0.0267       1.0003   11896.2305
      0.0055       0.0294      -0.0508       0.0643       1.0012    1175.8791
     -0.0176       0.0070      -0.0325      -0.0050       1.0015    1219.2925
      0.0327       0.0163       0.0100       0.0726       1.0005     963.1319
      0.1749       0.0110       0.1549       0.1980       1.0001   33679.7551
      1.4994       0.0644       1.3731       1.6256       1.0000   35368.7951
     -0.1688       0.0124      -0.1930      -0.1445       1.0000   41050.2991
      0.1622       0.0485       0.0674       0.2574       1.0000   87365.0837
     -0.1306       0.0639      -0.2559      -0.0048       1.0000   48130.0452
      0.0413       0.0325      -0.0222       0.1053       1.0001   26296.5777
      0.0066       0.0724      -0.1357       0.1482       1.0001   25348.6794
      0.2000       0.1773      -0.1502       0.5465       1.0000   27495.5266
      0.0822       0.0603      -0.0361       0.2003       1.0000   27678.8822
      0.0125       0.0185      -0.0238       0.0487       1.0001   41893.0480
     -0.1462       0.0738      -0.2911      -0.0013       1.0000   85342.8133
     -0.4270       0.0304      -0.4859      -0.3667       1.0000   39910.7161
      0.0868       0.0259       0.0361       0.1376       1.0000   87380.3089
     -0.0803       0.0392      -0.1568      -0.0030       1.0000   48393.0033
      0.0408       0.0320      -0.0219       0.1035       1.0001   26414.7579
      0.0030       0.0333      -0.0624       0.0683       1.0001   25372.5276
      0.0360       0.0318      -0.0270       0.0978       1.0000   27536.8851
      0.0415       0.0303      -0.0181       0.1007       1.0000   27666.9456
      0.0328       0.0484      -0.0622       0.1275       1.0001   41905.6546
     -0.0569       0.0287      -0.1133      -0.0005       1.0000   84460.7705
      0.1697       0.0160       0.1392       0.2019       1.0001   39858.6524
      0.4436       0.0257       0.3936       0.4943       1.0001   26797.2798
      0.1181       0.0153       0.0901       0.1502       1.0001   13029.7692
      0.2672       0.0191       0.2318       0.3067       1.0002   28229.8780
      1.8442       0.0305       1.7846       1.9042       1.0000   94147.2379
      0.0094       0.0746      -0.1461       0.1476       1.0000   67461.1820
      0.0183       0.0714      -0.1257       0.1530       1.0001   37221.8828
     -0.1586       0.1022      -0.3413       0.0543       1.0002   23842.0515
      0.0569       0.0939      -0.1129       0.2582       1.0001   50325.8729
      0.6138       0.0424       0.5263       0.6940       1.0001   50557.0973
     -0.9474       0.0566      -1.0595      -0.8377       1.0000  125479.3283
     -1.8792       0.1129      -2.1144      -1.6719       1.0001   19975.8037
     -0.0989       0.0709      -0.2383       0.0390       1.0000  121067.9619
      0.1145       0.1131      -0.1073       0.3362       1.0000  127635.2377
      0.0304       0.1393      -0.2392       0.3067       1.0000  127014.5729
     -0.2423       0.1379      -0.5216       0.0186       1.0003   21126.4931
     -0.1596       0.2132      -0.5889       0.2457       1.0000   25591.5855
      0.2747       0.2929      -0.2432       0.9093       1.0003   19513.8369
      1.0000       0.0000       1.0000       1.0000          nan          nan
      0.5000       0.0000       0.5000       0.5000          nan          nan
      1.0000       0.0000       1.0000       1.0000          nan          nan
