      0.1739       0.0175       0.1415       0.2100       1.0002    8743.2748
      0.0001       0.0039      -0.0080       0.0074       1.0004    3371.2129
      0.0042       0.0013       0.0020       0.0070       1.0009    2224.2945
     -0.0400       0.0169      -0.0737      -0.0072       1.0003    4049.8790
      0.0011       0.0036      -0.0070       0.0070       1.0021    1708.8952
      0.0451       0.0221       0.0132       0.0984       1.0016    1524.6548
      0.1200       0.0084       0.1040       0.1371       1.0004    3629.5497
      1.5536       0.0456       1.4643       1.6430       1.0000   40002.8674
     -0.1466       0.0086      -0.1636      -0.1298       1.0000   37468.4408
     -0.0187       0.0422      -0.1013       0.0642       1.0000   81668.2402
     -0.0903       0.0409      -0.1706      -0.0101       1.0000   57165.0043
      0.0181       0.0239      -0.0289       0.0648       1.0000   35278.2198
      0.0164       0.0525      -0.0869       0.1193       1.0002   34114.1095
      0.0296       0.1324      -0.2305       0.2877       1.0000   34908.2214
      0.0964       0.0462       0.0060       0.1870       1.0000   32110.7382
     -0.0172       0.0129      -0.0423       0.0082       1.0000   39289.3256
      0.0710       0.0646      -0.0558       0.1973       1.0000   74145.1719
     -0.4435       0.0263      -0.4946      -0.3916       1.0001   35314.5278
     -0.0120       0.0270      -0.0646       0.0412       1.0000   81799.9743
     -0.0663       0.0299      -0.1248      -0.0074       1.0000   57780.3989
      0.0214       0.0282      -0.0341       0.0763       1.0000   35334.5299
      0.0090       0.0289      -0.0478       0.0658       1.0002   34074.8608
      0.0064       0.0284      -0.0494       0.0619       1.0000   34924.7206
      0.0581       0.0277       0.0036       0.1120       1.0000   32496.1076
     -0.0537       0.0402      -0.1318       0.0256       1.0000   39575.3375
      0.0330       0.0300      -0.0259       0.0918       1.0000   74187.1784
      0.2321       0.0174       0.1986       0.2666       1.0000   29368.1855
      0.4447       0.0254       0.3953       0.4947       1.0000   27268.3730
      0.0600       0.0137       0.0357       0.0894       1.0009    2473.0738
      0.2619       0.0211       0.2220       0.3046       1.0003    4169.8335
      1.8442       0.0306       1.7845       1.9042       1.0000   97050.7729
      0.0090       0.0746      -0.1471       0.1471       1.0001   68543.8336
      0.0182       0.0714      -0.1255       0.1525       1.0000   39087.4020
     -0.1586       0.1024      -0.3413       0.0551       1.0001   24506.2107
      0.0570       0.0935      -0.1124       0.2565       1.0000   51596.4899
      0.6138       0.0424       0.5262       0.6943       1.0001   51803.9041
     -0.9475       0.0566      -1.0595      -0.8380       1.0000  124973.7292
     -1.8777       0.1124      -2.1118      -1.6711       1.0001   20239.2247
     -0.0990       0.0707      -0.2382       0.0388       1.0000  122098.5295
      0.1138       0.1132      -0.1088       0.3350       1.0000  128620.2416
      0.0297       0.1389      -0.2384       0.3061       1.0000  124856.5997
     -0.2423       0.1380      -0.5214       0.0193       1.0001   21683.4046
     -0.1611       0.2131      -0.5904       0.2455       1.0001   25659.7339
      0.2737       0.2914      -0.2409       0.9026       1.0000   18975.8558
      1.0000       0.0000       1.0000       1.0000          nan          nan
      0.5000       0.0000       0.5000       0.5000          nan          nan
      1.0000       0.0000       1.0000       1.0000          nan          nan
