      0.1528       0.0194       0.1391       0.1666          nan          nan
      0.0005       0.0009      -0.0002       0.0011          nan          nan
      0.0048       0.0015       0.0038       0.0059          nan          nan
     -0.0455       0.0029      -0.0476      -0.0435          nan          nan
      0.0003       0.0084      -0.0057       0.0063          nan          nan
      0.0503       0.0318       0.0278       0.0728          nan          nan
      0.1179       0.0116       0.1097       0.1261          nan          nan
      1.4180       0.0564       1.3781       1.4579          nan          nan
     -0.1624       0.0009      -0.1631      -0.1618          nan          nan
      0.0885       0.0163       0.0770       0.1000          nan          nan
      0.0921       0.0781       0.0369       0.1473          nan          nan
     -0.0215       0.0275      -0.0409      -0.0020          nan          nan
      0.0566       0.0697       0.0074       0.1059          nan          nan
     -0.0485       0.0573      -0.0890      -0.0080          nan          nan
      0.1351       0.0042       0.1321       0.1381          nan          nan
      0.0192       0.0061       0.0149       0.0235          nan          nan
     -0.1407       0.0251      -0.1584      -0.1229          nan          nan
     -0.5009       0.0038      -0.5036      -0.4982          nan          nan
      0.0577       0.0098       0.0507       0.0646          nan          nan
      0.0690       0.0579       0.0280       0.1099          nan          nan
     -0.0252       0.0322      -0.0480      -0.0024          nan          nan
      0.0316       0.0390       0.0040       0.0592          nan          nan
     -0.0103       0.0122      -0.0189      -0.0017          nan          nan
      0.0852       0.0016       0.0841       0.0863          nan          nan
      0.0631       0.0192       0.0495       0.0767          nan          nan
     -0.0709       0.0117      -0.0792      -0.0626          nan          nan
      0.2380       0.0015       0.2369       0.2390          nan          nan
      0.4262       0.0256       0.4081       0.4443          nan          nan
      0.0679       0.0093       0.0613       0.0745          nan          nan
      0.2679       0.0334       0.2443       0.2916          nan          nan
      1.8187       0.0451       1.7868       1.8507          nan          nan
     -0.0365       0.0628      -0.0808       0.0079          nan          nan
      0.0583       0.0577       0.0176       0.0991          nan          nan
     -0.1046       0.0586      -0.1460      -0.0631          nan          nan
      0.1366       0.0115       0.1285       0.1447          nan          nan
      0.5862       0.0038       0.5835       0.5888          nan          nan
     -1.0340       0.0114      -1.0421      -1.0259          nan          nan
     -1.8959       0.0056      -1.8999      -1.8919          nan          nan
     -0.0441       0.0202      -0.0583      -0.0298          nan          nan
     -0.1583       0.1649      -0.2749      -0.0417          nan          nan
      0.0922       0.0294       0.0713       0.1130          nan          nan
     -0.1739       0.0506      -0.2097      -0.1380          nan          nan
     -0.0253       0.0830      -0.0840       0.0334          nan          nan
      0.3624       0.0848       0.3024       0.4224          nan          nan
      1.0000       0.0000       1.0000       1.0000          nan          nan
      0.5000       0.0000       0.5000       0.5000          nan          nan
      1.0000       0.0000       1.0000       1.0000          nan          nan
