      0.3843       0.0289       0.3319       0.4448       1.0000  117923.3457
     -0.0124       0.0062      -0.0251      -0.0008       1.0000   27232.8476
      0.0123       0.0020       0.0088       0.0165       1.0002   22941.5799
     -0.0495       0.0349      -0.1181       0.0188       1.0002   26694.6698
     -0.0260       0.0083      -0.0435      -0.0109       1.0000   21937.1843
      0.3394       0.0589       0.2375       0.4684       1.0002   20455.1816
      0.1807       0.0067       0.1683       0.1944       1.0000   68489.4761
      2.2515       0.0642       2.1249       2.3771       1.0003   19732.2687
     -0.1634       0.0114      -0.1859      -0.1410       1.0000   34767.7508
      0.1287       0.0699      -0.0085       0.2661       1.0000   44395.8483
     -0.0384       0.0568      -0.1496       0.0735       1.0001   23797.5083
     -0.0183       0.0337      -0.0842       0.0479       1.0001   16094.4693
     -0.0100       0.0730      -0.1530       0.1328       1.0001   16021.5818
     -0.0581       0.1849      -0.4201       0.3030       1.0003   16766.5704
      0.0710       0.0615      -0.0488       0.1922       1.0002   17017.2322
      0.0080       0.0162      -0.0238       0.0400       1.0000   34544.1301
      0.0018       0.0973      -0.1889       0.1932       1.0001   47154.9610
     -0.3504       0.0250      -0.3993      -0.3014       1.0000   33465.6772
      0.0535       0.0291      -0.0035       0.1105       1.0001   44384.8124
     -0.0228       0.0337      -0.0886       0.0436       1.0001   23857.9357
     -0.0171       0.0314      -0.0784       0.0446       1.0001   16115.2437
     -0.0044       0.0318      -0.0665       0.0579       1.0001   16039.6870
     -0.0098       0.0312      -0.0709       0.0512       1.0003   16775.4780
      0.0353       0.0305      -0.0242       0.0950       1.0002   17053.9016
      0.0183       0.0369      -0.0539       0.0911       1.0000   34533.3614
      0.0005       0.0297      -0.0577       0.0590       1.0001   47179.9916
      0.1095       0.0107       0.0894       0.1312       1.0000   32755.2329
      0.5422       0.0208       0.5013       0.5829       1.0000   37871.3022
      0.0930       0.0107       0.0734       0.1153       1.0003   20896.5278
      0.2545       0.0138       0.2283       0.2825       1.0001   43740.4881
      1.8539       0.0317       1.7917       1.9158       1.0000   95771.9920
     -0.0497       0.0797      -0.2177       0.0968       1.0000   55986.2346
      0.0593       0.0716      -0.0872       0.1922       1.0001   44892.6121
     -0.1649       0.1019      -0.3456       0.0488       1.0001   27833.8084
      0.1308       0.1134      -0.0589       0.3901       1.0001   27402.8513
      0.5956       0.0434       0.5059       0.6778       1.0000   56476.7733
     -0.9758       0.0604      -1.0954      -0.8589       1.0000  121811.1966
     -1.9478       0.1308      -2.2249      -1.7120       1.0003   14631.9664
     -0.0385       0.0757      -0.1878       0.1091       1.0000  126806.3483
     -0.2611       0.1204      -0.4972      -0.0259       1.0000  122788.7471
      0.0482       0.1452      -0.2325       0.3364       1.0000  121042.6826
     -0.2263       0.1426      -0.5137       0.0444       1.0001   24080.3949
     -0.3688       0.2315      -0.8388       0.0693       1.0000   21846.0418
      0.5020       0.3702      -0.1178       1.3319       1.0004   12022.8931
      1.0000       0.0000       1.0000       1.0000          nan          nan
      0.5000       0.0000       0.5000       0.5000          nan          nan
      1.0000       0.0000       1.0000       1.0000          nan          nan
