      0.1748       0.0182       0.1411       0.2127       1.0000   11111.4269
      0.0000       0.0040      -0.0083       0.0074       1.0002    3657.0724
      0.0043       0.0013       0.0020       0.0072       1.0004    2017.9129
     -0.0398       0.0168      -0.0728      -0.0069       1.0001    4013.0030
      0.0011       0.0036      -0.0070       0.0071       1.0005    1662.6218
      0.0442       0.0217       0.0136       0.0960       1.0007    1606.3161
      0.1200       0.0084       0.1041       0.1371       1.0002    4236.1228
      1.4589       0.0498       1.3613       1.5566       1.0000   40213.9637
     -0.1618       0.0096      -0.1806      -0.1431       1.0000   37349.6125
      0.0572       0.0479      -0.0365       0.1513       1.0000   74376.8774
      0.0937       0.0432       0.0089       0.1782       1.0000   57266.5762
     -0.0157       0.0255      -0.0655       0.0342       1.0001   34685.1908
      0.0252       0.0554      -0.0837       0.1340       1.0000   34947.2925
      0.0560       0.1417      -0.2221       0.3342       1.0000   33853.5043
      0.1008       0.0476       0.0076       0.1941       1.0000   32448.6638
      0.0138       0.0129      -0.0116       0.0390       1.0000   44558.4824
     -0.0821       0.0642      -0.2081       0.0440       1.0000   86387.4479
     -0.4887       0.0282      -0.5433      -0.4329       1.0000   38200.9745
      0.0365       0.0307      -0.0233       0.0969       1.0000   74307.9178
      0.0692       0.0318       0.0066       0.1310       1.0000   58094.2053
     -0.0183       0.0295      -0.0759       0.0397       1.0001   34709.8561
      0.0137       0.0301      -0.0453       0.0728       1.0000   34957.8981
      0.0118       0.0298      -0.0465       0.0703       1.0000   33853.3793
      0.0623       0.0292       0.0047       0.1190       1.0000   32951.1453
      0.0446       0.0417      -0.0377       0.1258       1.0000   44852.8113
     -0.0406       0.0317      -0.1029       0.0218       1.0000   86540.2257
      0.2318       0.0175       0.1981       0.2668       1.0000   32698.5197
      0.4458       0.0255       0.3961       0.4960       1.0000   32329.9168
      0.0598       0.0137       0.0355       0.0892       1.0003    2741.3771
      0.2613       0.0210       0.2219       0.3040       1.0002    4606.1519
      1.8538       0.0318       1.7915       1.9158       1.0000   92443.4298
     -0.0061       0.0806      -0.1537       0.1640       1.0000   54200.2915
      0.0876       0.0732      -0.0642       0.2209       1.0001   36959.7094
     -0.1840       0.1066      -0.3672       0.0447       1.0003   22978.8323
      0.0933       0.0979      -0.0836       0.3032       1.0000   45868.3227
      0.5901       0.0464       0.4913       0.6750       1.0001   39251.3269
     -0.9707       0.0601      -1.0899      -0.8545       1.0000  122066.4214
     -1.9057       0.1220      -2.1624      -1.6847       1.0002   17746.0515
     -0.0064       0.0762      -0.1558       0.1425       1.0000  125308.3741
     -0.1474       0.1200      -0.3831       0.0871       1.0000  125329.3404
      0.0734       0.1454      -0.2076       0.3621       1.0000  119714.4913
     -0.2367       0.1530      -0.5453       0.0540       1.0003   20180.2572
      0.1391       0.2248      -0.2918       0.5906       1.0000   25174.6140
      0.2656       0.2998      -0.2667       0.9096       1.0000   19829.7138
      1.0000       0.0000       1.0000       1.0000          nan          nan
      0.5000       0.0000       0.5000       0.5000          nan          nan
      1.0000       0.0000       1.0000       1.0000          nan          nan
