      0.3669       0.0090       0.3606       0.3733          nan          nan
     -0.0126       0.0003      -0.0128      -0.0124          nan          nan
      0.0114       0.0032       0.0092       0.0137          nan          nan
     -0.0679       0.0149      -0.0784      -0.0573          nan          nan
     -0.0254       0.0187      -0.0386      -0.0121          nan          nan
      0.3617       0.0489       0.3270       0.3963          nan          nan
      0.1849       0.0138       0.1751       0.1947          nan          nan
      2.2832       0.0593       2.2413       2.3252          nan          nan
     -0.1657       0.0064      -0.1703      -0.1612          nan          nan
      0.1022       0.0369       0.0761       0.1283          nan          nan
     -0.0163       0.0809      -0.0735       0.0409          nan          nan
     -0.0259       0.0497      -0.0610       0.0093          nan          nan
     -0.0185       0.0596      -0.0606       0.0236          nan          nan
     -0.2119       0.2167      -0.3652      -0.0587          nan          nan
      0.0392       0.0813      -0.0182       0.0967          nan          nan
     -0.0005       0.0293      -0.0212       0.0202          nan          nan
      0.1588       0.1148       0.0776       0.2400          nan          nan
     -0.3620       0.0267      -0.3809      -0.3432          nan          nan
      0.0435       0.0171       0.0314       0.0556          nan          nan
     -0.0107       0.0492      -0.0455       0.0241          nan          nan
     -0.0253       0.0480      -0.0593       0.0086          nan          nan
     -0.0078       0.0262      -0.0263       0.0108          nan          nan
     -0.0371       0.0386      -0.0644      -0.0099          nan          nan
      0.0191       0.0404      -0.0095       0.0477          nan          nan
      0.0001       0.0677      -0.0478       0.0480          nan          nan
      0.0487       0.0340       0.0247       0.0728          nan          nan
      0.1170       0.0004       0.1167       0.1173          nan          nan
      0.5176       0.0015       0.5165       0.5187          nan          nan
      0.0962       0.0006       0.0958       0.0966          nan          nan
      0.2693       0.0014       0.2683       0.2703          nan          nan
